;MOD PLAYER RIPPED BY TRIPWIRE! A BETTER VERSION THAN BEFORE!!!!!
Player          DB 0,1,2,4,8,16,32,64,128,95,138,5,71,87,60,1,117,5,137,30,75
                DB 0,195,60,2,117,11,136,30,10,23,232,67,23,232,128,23,195,60,3,117,5
                DB 136,30,74,0,195,60,4,117,8,136,30,246,7,232,8,18,195,60,5,117,5
                DB 137,30,77,0,195,195,195,0,0,0,0,0,248,42,51,0,184,3,56,4,60
                DB 4,30,0,0,0,0,0,0,0,0,0,0,0,0,0,0,0,0,0,0,0
                DB 0,0,0,0,0,0,0,0,0,0,0,0,0,0,0,0,0,0,0,0,0
                DB 0,0,0,0,0,0,0,0,0,0,0,0,0,0,0,0,0,0,0,0,0
                DB 0,0,0,0,0,0,0,0,0,0,0,0,0,0,0,0,0,0,0,0,0
                DB 0,0,0,0,0,0,0,0,0,0,0,0,232,242,26,232,87,27,232,222,27
                DB 232,92,26,186,33,0,185,16,0,187,202,0,195,32,32,32,32,32,32,32,32
                DB 32,32,32,32,32,32,32,32,32,32,32,32,32,0,255,15,0,0,0,0,0
                DB 120,30,120,30,32,32,32,32,32,32,32,32,32,32,32,32,32,32,32,32,32
                DB 32,32,32,32,0,0,0,0,0,0,0,2,214,30,214,30,32,32,32,32,32
                DB 32,32,32,32,32,32,32,32,32,32,32,32,32,32,32,32,0,0,0,0,0
                DB 0,0,2,214,30,214,30,32,32,32,32,32,32,32,32,32,32,32,32,32,32
                DB 32,32,32,32,32,32,32,0,0,0,0,0,0,0,2,214,30,214,30,32,32
                DB 32,32,32,32,32,32,32,32,32,32,32,32,32,32,32,32,32,32,32,0,0
                DB 0,0,0,0,0,4,56,30,56,30,32,32,32,32,32,32,32,32,32,32,32
                DB 32,32,32,32,32,32,32,32,32,32,0,0,0,0,0,0,0,5,26,30,26
                DB 30,32,32,32,32,32,32,32,32,32,32,32,32,32,32,32,32,32,32,32,32
                DB 32,0,0,0,0,0,0,0,1,184,30,184,30,32,32,32,32,32,32,32,32
                DB 32,32,32,32,32,32,32,32,32,32,32,32,32,0,0,0,0,0,0,0,1
                DB 150,30,150,30,32,32,32,32,32,32,32,32,32,32,32,32,32,32,32,32,32
                DB 32,32,32,32,0,0,0,0,0,0,0,2,214,30,214,30,32,32,32,32,32
                DB 32,32,32,32,32,32,32,32,32,32,32,32,32,32,32,32,0,0,0,0,0
                DB 0,0,4,56,30,56,30,32,32,32,32,32,32,32,32,32,32,32,32,32,32
                DB 32,32,32,32,32,32,32,0,0,0,0,0,0,0,7,90,30,90,30,32,32
                DB 32,32,32,32,32,32,32,32,32,32,32,32,32,32,32,32,32,32,32,0,0
                DB 0,0,0,0,0,8,252,29,252,29,32,32,32,32,32,32,32,32,32,32,32
                DB 32,32,32,32,32,32,32,32,32,32,0,0,0,0,0,0,0,8,252,29,252
                DB 29,32,32,32,32,32,32,32,32,32,32,32,32,32,32,32,32,32,32,32,32
                DB 32,0,0,0,0,0,0,0,8,252,29,252,29,32,32,32,32,32,32,32,32
                DB 32,32,32,32,32,32,32,32,32,32,32,32,32,0,0,0,0,0,0,0,9
                DB 244,30,244,30,32,32,32,32,32,32,32,32,32,32,32,32,32,32,32,32,32
                DB 32,32,32,32,0,146,16,0,0,0,0,0,120,30,120,30,255,0,0,0,0
                DB 0,0,0,0,0,0,0,0,0,0,0,0,0,0,0,0,0,0,0,0,0
                DB 0,0,0,0,0,0,0,0,0,0,0,0,0,0,0,0,0,0,0,0,0
                DB 0,0,0,0,0,0,0,0,0,0,0,0,0,0,0,0,0,0,0,0,0
                DB 0,0,0,0,0,0,0,0,0,0,0,0,0,0,0,0,0,0,0,0,0
                DB 0,0,0,0,0,0,0,0,0,0,0,0,6,130,72,195,198,6,173,0,6
                DB 198,6,70,0,0,232,45,23,114,240,51,210,139,14,85,0,187,109,0,137,23
                DB 131,195,2,226,249,139,30,83,0,209,235,209,235,209,235,209,235,67,232,69,23
                DB 114,206,46,163,99,0,142,216,46,139,14,83,0,51,210,232,15,23,115,5,232
                DB 46,22,249,195,46,139,30,79,0,185,127,0,50,228,136,224,73,138,39,67,58
                DB 224,119,246,73,117,246,254,192,50,228,185,0,4,247,225,46,163,105,0,46,137
                DB 22,107,0,80,83,209,232,209,232,209,232,209,232,64,131,250,0,116,3,5,0
                DB 16,46,139,30,83,0,209,235,209,235,209,235,209,235,67,1,195,46,161,99,0
                DB 232,243,22,91,88,114,164,46,131,62,107,0,0,117,33,46,139,14,105,0,46
                DB 3,14,83,0,114,21,46,139,22,83,0,46,139,14,105,0,232,144,22,115,3
                DB 233,126,255,233,49,0,46,139,22,83,0,185,0,0,41,209,81,248,232,121,22
                DB 90,115,3,233,102,255,46,139,14,105,0,41,209,30,140,216,5,0,16,142,216
                DB 186,0,0,248,232,93,22,31,115,3,233,74,255,190,42,0,46,198,6,98,4
                DB 0,187,109,0,46,139,14,85,0,30,7,81,51,210,38,139,12,134,205,235,61
                DB 89,89,140,200,142,216,233,36,255,0,46,198,6,98,4,1,129,233,0,128,209
                DB 225,81,185,255,255,232,29,22,114,225,185,1,0,186,255,255,232,18,22,114,215
                DB 186,0,0,140,223,129,199,0,16,142,223,89,232,1,22,114,198,235,46,11,201
                DB 116,45,83,81,209,233,209,233,209,233,209,233,65,209,225,137,203,232,11,22,89
                DB 91,114,170,46,137,7,142,216,51,210,129,249,0,128,115,166,209,225,232,209,21
                DB 114,150,38,139,4,131,195,2,131,198,30,89,73,116,3,233,123,255,232,178,21
                DB 115,3,233,170,254,14,31,14,7,232,46,0,160,98,4,60,0,116,3,232,7
                DB 0,232,62,0,232,79,13,195,14,31,184,128,1,137,6,132,5,184,144,144,137
                DB 6,242,9,137,6,1,10,137,6,188,10,137,6,251,6,195,14,31,184,0,3
                DB 137,6,132,5,184,209,224,137,6,242,9,137,6,188,10,184,1,200,137,6,1
                DB 10,195,158,51,201,136,14,174,0,137,14,175,0,136,14,177,0,187,219,2,139
                DB 193,185,20,0,209,225,137,7,131,195,2,226,249,161,75,0,187,10,0,247,227
                DB 187,182,0,247,243,163,242,7,163,244,7,161,75,0,51,210,139,30,77,0,247
                DB 243,163,95,0,163,97,0,163,101,0,186,18,0,184,222,52,139,30,75,0,247
                DB 243,162,92,0,187,0,3,247,227,163,88,0,137,22,90,0,248,195,87,138,209
                DB 128,194,97,180,2,205,33,191,172,5,232,20,0,95,232,16,0,191,178,5,232
                DB 10,0,195,46,32,32,32,32,0,13,10,0,138,5,71,60,0,116,239,136,194
                DB 180,2,205,33,235,241,195,10,13,32,32,32,32,32,32,32,32,32,32,32,32
                DB 32,32,32,32,32,32,32,32,32,32,32,32,32,32,0,0,0,0,0,0,0
                DB 0,0,0,0,0,0,0,0,0,0,0,0,0,0,174,139,241,78,185,0,0
                DB 137,223,82,83,81,137,203,129,195,226,5,198,7,0,131,125,22,0,116,16,198
                DB 7,1,129,125,22,146,16,117,3,198,7,2,232,112,255,89,91,90,1,211,57
                DB 206,116,3,65,235,208,191,197,5,232,130,255,184,0,0,205,22,44,97,138,216
                DB 128,251,20,115,242,138,211,183,0,129,195,226,5,128,63,0,116,229,128,63,2
                DB 116,16,138,218,128,194,97,180,2,205,33,191,178,5,232,83,255,195,187,255,0
                DB 191,178,5,232,73,255,195,190,219,2,138,68,9,60,64,118,5,176,0,136,68
                DB 9,131,198,20,138,100,9,128,252,64,118,5,180,0,136,100,9,131,198,20,138
                DB 92,9,128,251,64,118,5,179,0,136,92,9,131,198,20,138,124,9,128,255,64
                DB 118,5,183,0,136,124,9,195,87,80,232,39,1,191,43,3,51,192,137,5,136
                DB 69,10,137,69,2,137,69,14,51,210,11,201,116,11,161,88,0,139,22,90,0
                DB 247,241,137,194,137,85,6,88,138,216,183,30,246,231,137,194,254,203,50,255,209
                DB 227,129,195,109,0,139,7,139,218,137,194,131,195,12,142,6,99,0,38,139,7
                DB 134,224,209,224,45,3,0,137,69,4,137,21,95,195,29,0,71,87,80,191,219
                DB 2,128,250,0,116,7,131,199,20,254,202,235,244,235,152,87,80,232,183,0,191
                DB 43,3,51,192,137,5,136,69,10,137,69,2,137,69,14,51,210,11,201,116,11
                DB 161,88,0,139,22,90,0,247,241,137,194,137,85,6,88,137,93,4,137,5,95
                DB 195,254,200,183,30,246,231,139,216,131,195,20,142,6,99,0,195,82,51,192,232
                DB 117,0,163,45,3,163,43,3,163,57,3,51,210,11,201,116,11,161,88,0,139
                DB 22,90,0,247,241,137,194,137,22,49,3,90,232,247,18,185,1,0,114,72,187
                DB 255,255,209,235,209,235,209,235,209,235,67,180,72,205,33,185,2,0,114,51,185
                DB 255,255,163,53,3,30,142,216,186,0,0,180,63,46,139,30,103,0,205,33,31
                DB 185,1,0,80,232,204,18,88,163,47,3,161,53,3,198,6,53,3,1,163,43
                DB 3,184,0,0,163,45,3,195,232,179,18,139,193,195,131,62,43,3,0,116,17
                DB 128,62,53,3,1,117,10,6,142,6,43,3,180,73,205,33,7,195,0,0,0
                DB 0,0,0,0,0,0,0,0,0,0,0,0,0,0,195,140,200,142,192,128,62
                DB 71,0,1,116,244,160,174,0,254,192,58,6,173,0,115,16,162,174,0,232,31
                DB 0,128,62,253,7,0,116,220,233,231,0,50,192,162,174,0,56,6,0,8,116
                DB 66,232,7,0,233,133,0,213,249,246,124,190,146,17,189,219,2,46,128,110,9
                DB 2,232,195,2,190,190,17,189,239,2,46,128,110,9,2,232,181,2,190,234,17
                DB 189,3,3,46,128,110,9,2,232,167,2,190,22,18,189,23,3,46,128,110,9
                DB 2,233,153,2,142,6,99,0,160,177,0,50,228,3,6,79,0,139,248,38,138
                DB 37,50,192,209,224,209,224,3,6,175,0,139,248,3,62,83,0,190,146,17,189
                DB 219,2,232,189,0,190,190,17,189,239,2,232,180,0,190,234,17,189,3,3,232
                DB 171,0,190,22,18,189,23,3,232,162,0,233,0,0,131,6,175,0,16,160,255
                DB 7,10,192,116,8,162,0,8,198,6,255,7,0,128,62,0,8,0,116,11,254
                DB 14,0,8,116,5,131,46,175,0,16,128,62,2,8,0,116,25,198,6,2,8
                DB 0,160,252,7,180,0,136,38,252,7,209,224,209,224,209,224,209,224,163,175,0
                DB 129,62,175,0,0,4,115,3,233,15,255,128,62,74,0,1,116,62,160,252,7
                DB 180,0,209,224,209,224,209,224,209,224,163,175,0,198,6,252,7,0,198,6,253
                DB 7,0,160,177,0,254,192,36,127,162,177,0,139,30,79,0,38,58,71,254,116
                DB 3,233,215,254,128,62,74,0,4,117,6,198,6,177,0,0,195,46,198,6,71
                DB 0,1,235,242,79,131,60,0,117,9,131,124,2,0,117,3,232,136,1,38,139
                DB 5,137,4,38,139,69,2,137,68,2,131,199,4,46,128,110,9,2,138,68,2
                DB 36,240,208,232,208,232,208,232,208,232,138,36,128,228,16,10,196,117,3,233,139
                DB 0,138,216,46,136,70,14,46,128,78,14,128,183,30,246,231,137,194,254,203,50
                DB 255,209,227,129,195,109,0,139,7,137,68,4,131,194,12,139,218,38,139,7,134
                DB 224,45,3,0,137,68,8,137,68,40,38,139,71,2,137,68,18,136,224,46,136
                DB 102,9,246,100,42,46,136,102,8,38,139,79,6,134,233,131,249,4,114,35,38
                DB 139,71,4,134,224,209,224,46,137,70,10,137,68,36,137,68,10,137,76,14,1
                DB 200,1,200,72,72,72,46,137,70,12,233,22,0,51,192,46,137,70,12,46,137
                DB 70,10,137,68,10,137,68,36,139,68,8,137,68,14,139,4,134,224,37,255,15
                DB 117,3,233,116,5,139,68,2,134,224,37,240,15,61,80,14,116,30,128,252,3
                DB 117,3,233,28,0,128,252,5,117,3,233,20,0,128,252,9,116,3,233,18,0
                DB 232,76,5,233,12,0,232,6,6,233,6,0,232,47,2,233,61,5,139,4,134
                DB 224,37,255,15,128,124,18,0,116,26,187,130,18,185,36,0,59,7,115,5,131
                DB 195,2,226,247,138,68,18,177,72,246,225,1,195,139,7,137,68,16,138,68,30
                DB 36,4,116,4,198,68,27,0,138,68,30,36,64,116,4,198,68,29,0,139,68
                DB 4,46,137,70,0,51,201,46,137,78,2,46,136,78,15,139,68,8,209,224,46
                DB 137,70,4,139,76,16,51,210,11,201,116,11,161,88,0,139,22,90,0,247,241
                DB 137,194,46,137,86,6,139,68,2,134,224,37,240,15,61,208,14,117,8,46,139
                DB 70,4,46,137,70,2,233,179,4,183,110,186,139,68,16,139,200,51,210,11,201
                DB 116,11,161,88,0,139,22,90,0,247,241,137,194,46,137,86,6,195,139,68,2
                DB 134,196,37,255,15,116,219,138,92,2,136,217,131,227,15,209,227,129,195,44,11
                DB 139,23,255,226,124,11,250,11,76,12,234,12,123,13,35,14,41,14,76,11,76
                DB 11,76,11,76,11,76,11,76,11,76,11,21,16,76,11,139,68,16,136,203,139
                DB 200,51,210,11,201,116,11,161,88,0,139,22,90,0,247,241,137,194,46,137,86
                DB 6,136,217,128,249,7,117,3,233,189,2,144,128,249,10,117,3,233,79,4,195
                DB 160,174,0,50,228,179,3,246,243,136,224,10,192,116,26,60,2,116,14,138,68
                DB 3,208,232,208,232,208,232,208,232,233,14,0,138,68,3,36,15,233,6,0,139
                DB 68,16,233,38,0,152,209,224,139,216,138,68,18,177,72,246,225,139,84,16,86
                DB 190,130,18,3,240,185,36,0,59,20,115,7,131,198,2,226,247,94,195,139,0
                DB 94,139,200,51,210,11,201,116,11,161,88,0,139,22,90,0,247,241,137,194,46
                DB 137,86,6,195,32,232,43,106,206,128,62,174,0,0,117,243,198,6,254,7,15
                DB 138,68,3,34,6,254,7,198,6,254,7,255,139,76,16,50,228,41,193,137,76
                DB 16,129,225,255,15,131,249,113,115,17,139,76,16,129,225,0,240,131,201,113,137
                DB 76,16,129,225,255,15,51,210,11,201,116,11,161,88,0,139,22,90,0,247,241
                DB 137,194,46,137,86,6,195,128,62,174,0,0,117,248,198,6,254,7,15,138,68
                DB 3,34,6,254,7,198,6,254,7,255,139,76,16,50,228,1,193,137,76,16,129
                DB 225,255,15,129,249,88,3,114,18,139,76,16,129,225,0,240,129,201,88,3,137
                DB 76,16,129,225,255,15,51,210,11,201,116,11,161,88,0,139,22,90,0,247,241
                DB 137,194,46,137,86,6,195,139,4,134,224,37,255,15,137,194,138,68,18,177,74
                DB 246,225,87,191,130,18,1,199,187,0,0,59,17,115,11,131,195,2,131,251,74
                DB 117,244,187,70,0,138,84,18,128,226,8,116,8,131,251,0,116,3,131,235,2
                DB 139,1,95,137,68,24,139,92,16,198,68,22,0,57,216,116,7,115,180,198,68
                DB 22,1,195,199,68,24,0,0,195,138,68,3,10,192,116,7,136,68,23,198,68
                DB 3,0,131,124,24,0,116,235,138,68,23,180,0,139,76,16,139,92,24,128,124
                DB 22,0,117,20,1,193,137,76,16,59,217,119,30,137,92,16,199,68,24,0,0
                DB 233,19,0,41,193,114,7,137,76,16,59,217,114,8,137,92,16,199,68,24,0
                DB 0,139,84,16,138,68,31,36,15,116,34,138,68,18,179,72,246,227,5,130,18
                DB 87,139,248,187,0,0,59,17,115,11,131,195,2,131,251,72,114,244,187,70,0
                DB 139,17,95,139,202,51,210,11,201,116,11,161,88,0,139,22,90,0,247,241,137
                DB 194,46,137,86,6,195,159,138,68,3,10,192,116,27,138,92,26,36,15,116,5
                DB 128,227,240,8,195,138,68,3,36,240,116,5,128,227,15,8,195,136,92,26,138
                DB 68,27,208,232,208,232,37,31,0,138,92,30,128,227,3,116,34,209,224,209,224
                DB 209,224,128,251,1,116,5,179,255,233,26,0,128,124,27,0,120,7,179,255,40
                DB 195,233,13,0,138,216,233,8,0,138,216,50,255,138,159,98,18,138,68,26,36
                DB 15,246,227,147,209,235,209,235,209,235,209,235,209,235,209,235,209,235,139,68,16
                DB 128,124,27,0,121,5,1,216,233,2,0,41,216,139,200,51,210,11,201,116,11
                DB 161,88,0,139,22,90,0,247,241,137,194,46,137,86,6,138,68,26,208,232,208
                DB 232,36,60,0,68,27,195,232,210,254,233,161,1,232,113,255,233,155,1,138,68
                DB 3,10,192,116,27,138,92,28,36,15,116,5,128,227,240,8,195,138,68,3,36
                DB 240,116,5,128,227,15,8,195,136,92,28,138,68,29,208,232,208,232,37,31,0
                DB 138,92,30,208,235,208,235,208,235,208,235,128,227,3,116,34,208,224,208,224,208
                DB 224,128,251,1,116,5,179,255,233,26,0,128,124,27,0,120,7,179,255,40,195
                DB 233,13,0,138,216,233,8,0,139,216,129,195,98,18,138,31,138,68,28,36,15
                DB 246,227,139,216,209,235,209,235,209,235,209,235,209,235,209,235,138,68,19,128,124
                DB 29,0,121,5,0,216,233,6,0,40,216,115,2,50,192,60,64,114,2,176,64
                DB 46,136,70,9,246,100,42,46,136,102,8,138,68,28,208,232,208,232,36,60,0
                DB 68,29,195,106,138,68,3,10,192,116,3,136,68,32,138,100,32,50,192,46,59
                DB 70,4,115,10,46,198,70,15,0,46,137,70,2,195,46,139,70,2,46,137,70
                DB 4,195,138,68,3,128,62,74,0,2,116,16,254,200,162,177,0,198,6,252,7
                DB 0,198,6,253,7,1,195,58,6,177,0,114,249,254,200,162,177,0,198,6,252
                DB 7,0,198,6,253,7,1,195,138,68,3,60,64,114,2,176,64,136,68,19,46
                DB 136,70,9,246,100,42,46,136,102,8,195,138,68,3,138,216,208,232,208,232,208
                DB 232,208,232,177,10,246,225,128,227,15,0,216,60,63,127,173,162,252,7,198,6
                DB 253,7,1,195,138,68,3,10,192,116,248,60,32,115,9,162,173,0,198,6,174
                DB 0,0,195,177,6,246,225,186,0,0,185,15,0,247,241,139,216,67,161,75,0
                DB 186,0,0,247,243,163,95,0,163,97,0,163,101,0,195,138,92,2,131,227,15
                DB 128,235,9,114,244,209,227,129,195,187,15,139,23,255,226,195,221,14,186,15,5
                DB 15,53,15,77,15,21,16,112,15,10,138,68,3,36,240,116,37,208,232,208,232
                DB 208,232,208,232,138,76,19,0,193,128,249,64,114,2,177,64,136,76,19,138,193
                DB 46,136,70,9,246,100,42,46,136,102,8,195,138,68,3,36,15,138,76,19,40
                DB 193,115,2,50,201,136,76,19,138,193,46,136,70,9,246,100,42,46,136,102,8
                DB 195,138,92,3,129,227,240,0,209,235,209,235,209,235,129,195,42,16,139,23,255
                DB 226,74,16,238,11,64,12,75,16,88,16,101,16,110,16,167,16,186,15,188,16
                DB 234,16,250,16,9,17,37,17,51,17,76,17,195,138,68,3,36,15,128,100,31
                DB 240,8,68,31,195,138,68,3,36,15,128,100,30,240,8,68,30,195,138,68,3
                DB 36,15,136,68,18,195,128,62,174,0,0,117,248,138,68,3,36,15,116,28,128
                DB 124,34,0,116,17,254,76,34,116,230,138,68,33,162,252,7,198,6,2,8,1
                DB 195,136,68,34,235,239,161,175,0,209,232,209,232,209,232,209,232,136,68,33,195
                DB 138,68,3,36,15,208,224,208,224,208,224,208,224,128,100,30,15,8,68,30,195
                DB 138,92,3,128,227,15,116,247,50,228,160,174,0,10,192,117,10,139,12,134,233
                DB 129,225,255,15,117,228,246,243,134,224,10,192,117,220,51,192,46,137,70,2,46
                DB 136,78,15,195,128,62,174,0,0,117,248,138,68,3,36,15,233,224,254,3,128
                DB 62,174,0,0,117,232,138,68,3,36,15,233,242,254,138,68,3,36,15,58,6
                DB 174,0,117,213,176,0,136,68,19,46,136,70,9,246,100,42,46,136,102,8,195
                DB 138,68,3,36,15,58,6,174,0,117,244,235,173,195,128,62,174,0,0,117,248
                DB 138,68,3,36,15,128,62,0,8,0,117,236,254,192,162,255,7,195,128,62,174
                DB 0,0,117,248,138,68,3,36,15,208,224,208,224,208,224,208,224,128,100,31,15
                DB 8,68,31,10,192,116,224,138,68,31,208,232,208,232,208,232,208,232,10,192,116
                DB 23,187,82,18,50,228,1,195,138,7,0,68,35,138,68,35,36,128,117,4,198
                DB 68,35,0,195,0,0,0,0,0,0,0,0,0,0,0,0,0,0,0,0,0
                DB 0,0,0,0,1,0,0,0,0,0,0,0,0,0,0,0,0,0,0,0,0
                DB 0,0,0,0,0,0,0,0,0,0,0,0,0,0,0,0,0,0,0,0,0
                DB 0,0,0,0,0,0,2,0,0,0,0,0,0,0,0,0,0,0,0,0,0
                DB 0,0,0,0,0,0,0,0,0,0,0,0,0,0,0,0,0,0,0,0,0
                DB 0,0,0,0,0,0,0,0,4,0,0,0,0,0,0,0,0,0,0,0,0
                DB 0,0,0,0,0,0,0,0,0,0,0,0,0,0,0,0,0,0,0,0,0
                DB 0,0,0,0,0,0,0,0,0,0,8,0,0,0,0,0,0,0,0,0,0
                DB 0,0,0,0,0,0,0,0,0,0,0,0,160,246,7,162,188,17,162,232,17
                DB 162,20,18,162,64,18,195,0,5,6,7,8,10,11,13,16,19,22,26,32,43
                DB 64,128,0,24,49,74,97,120,141,161,180,197,212,224,235,244,250,253,255,253,250
                DB 244,235,224,212,197,180,161,141,120,97,74,49,24,88,3,40,3,250,2,208,2
                DB 166,2,128,2,92,2,58,2,26,2,252,1,224,1,197,1,172,1,148,1,125
                DB 1,104,1,83,1,64,1,46,1,29,1,13,1,254,0,240,0,226,0,214,0
                DB 202,0,190,0,180,0,170,0,160,0,151,0,143,0,135,0,127,0,120,0,113
                DB 0,82,3,34,3,245,2,203,2,162,2,125,2,89,2,55,2,23,2,249,1
                DB 221,1,194,1,169,1,145,1,123,1,101,1,81,1,62,1,44,1,28,1,12
                DB 1,253,0,239,0,225,0,213,0,201,0,189,0,179,0,169,0,159,0,150,0
                DB 142,0,134,0,126,0,119,0,113,0,76,3,28,3,240,2,197,2,158,2,120
                DB 2,85,2,51,2,20,2,246,1,218,1,191,1,166,1,142,1,120,1,99,1
                DB 79,1,60,1,42,1,26,1,10,1,251,0,237,0,224,0,211,0,199,0,188
                DB 0,177,0,167,0,158,0,149,0,141,0,133,0,125,0,118,0,112,0,70,3
                DB 23,3,234,2,192,2,153,2,116,2,80,2,47,2,16,2,242,1,214,1,188
                DB 1,163,1,139,1,117,1,96,1,76,1,58,1,40,1,24,1,8,1,249,0
                DB 235,0,222,0,209,0,198,0,187,0,176,0,166,0,157,0,148,0,140,0,132
                DB 0,125,0,118,0,111,0,64,3,17,3,229,2,187,2,148,2,111,2,76,2
                DB 43,2,12,2,239,1,211,1,185,1,160,1,136,1,114,1,94,1,74,1,56
                DB 1,38,1,22,1,6,1,247,0,233,0,220,0,208,0,196,0,185,0,175,0
                DB 165,0,156,0,147,0,139,0,131,0,124,0,117,0,110,0,58,3,11,3,224
                DB 2,182,2,143,2,107,2,72,2,39,2,8,2,235,1,207,1,181,1,157,1
                DB 134,1,112,1,91,1,72,1,53,1,36,1,20,1,4,1,245,0,232,0,219
                DB 0,206,0,195,0,184,0,174,0,164,0,155,0,146,0,138,0,130,0,123,0
                DB 116,0,109,0,52,3,6,3,218,2,177,2,139,2,102,2,68,2,35,2,4
                DB 2,231,1,204,1,178,1,154,1,131,1,109,1,89,1,69,1,51,1,34,1
                DB 18,1,2,1,244,0,230,0,217,0,205,0,193,0,183,0,172,0,163,0,154
                DB 0,145,0,137,0,129,0,122,0,115,0,109,0,46,3,0,3,213,2,172,2
                DB 134,2,98,2,63,2,31,2,1,2,228,1,201,1,175,1,151,1,128,1,107
                DB 1,86,1,67,1,49,1,32,1,16,1,0,1,242,0,228,0,216,0,204,0
                DB 192,0,181,0,171,0,161,0,152,0,144,0,136,0,128,0,121,0,114,0,108
                DB 0,139,3,88,3,40,3,250,2,208,2,166,2,128,2,92,2,58,2,26,2
                DB 252,1,224,1,197,1,172,1,148,1,125,1,104,1,83,1,64,1,46,1,29
                DB 1,13,1,254,0,240,0,226,0,214,0,202,0,190,0,180,0,170,0,160,0
                DB 151,0,143,0,135,0,127,0,120,0,132,3,82,3,34,3,245,2,203,2,163
                DB 2,124,2,89,2,55,2,23,2,249,1,221,1,194,1,169,1,145,1,123,1
                DB 101,1,81,1,62,1,44,1,28,1,12,1,253,0,238,0,225,0,212,0,200
                DB 0,189,0,179,0,169,0,159,0,150,0,142,0,134,0,126,0,119,0,126,3
                DB 76,3,28,3,240,2,197,2,158,2,120,2,85,2,51,2,20,2,246,1,218
                DB 1,191,1,166,1,142,1,120,1,99,1,79,1,60,1,42,1,26,1,10,1
                DB 251,0,237,0,223,0,211,0,199,0,188,0,177,0,167,0,158,0,149,0,141
                DB 0,133,0,125,0,118,0,119,3,70,3,23,3,234,2,192,2,153,2,116,2
                DB 80,2,47,2,16,2,242,1,214,1,188,1,163,1,139,1,117,1,96,1,76
                DB 1,58,1,40,1,24,1,8,1,249,0,235,0,222,0,209,0,198,0,187,0
                DB 176,0,166,0,157,0,148,0,140,0,132,0,125,0,118,0,113,3,64,3,17
                DB 3,229,2,187,2,148,2,111,2,76,2,43,2,12,2,238,1,211,1,185,1
                DB 160,1,136,1,114,1,94,1,74,1,56,1,38,1,22,1,6,1,247,0,233
                DB 0,220,0,208,0,196,0,185,0,175,0,165,0,156,0,147,0,139,0,131,0
                DB 123,0,117,0,107,3,58,3,11,3,224,2,182,2,143,2,107,2,72,2,39
                DB 2,8,2,235,1,207,1,181,1,157,1,134,1,112,1,91,1,72,1,53,1
                DB 36,1,20,1,4,1,245,0,232,0,219,0,206,0,195,0,184,0,174,0,164
                DB 0,155,0,146,0,138,0,130,0,123,0,116,0,100,3,52,3,6,3,218,2
                DB 177,2,139,2,102,2,68,2,35,2,4,2,231,1,204,1,178,1,154,1,131
                DB 1,109,1,89,1,69,1,51,1,34,1,18,1,2,1,244,0,230,0,217,0
                DB 205,0,193,0,183,0,172,0,163,0,154,0,145,0,137,0,129,0,122,0,115
                DB 0,94,3,46,3,0,3,213,2,172,2,134,2,98,2,63,2,31,2,1,2
                DB 228,1,201,1,175,1,151,1,128,1,107,1,86,1,67,1,49,1,32,1,16
                DB 1,0,1,242,0,228,0,216,0,203,0,192,0,181,0,171,0,161,0,152,0
                DB 144,0,136,0,128,0,121,0,114,0,1,1,1,1,0,0,0,0,0,0,199
                DB 202,83,30,14,31,50,228,50,255,160,10,23,179,33,247,227,137,194,129,194,202
                DB 0,139,218,139,71,29,128,62,98,4,1,117,3,139,71,31,138,79,28,31,91
                DB 195,86,87,82,81,83,80,46,254,6,10,23,46,128,62,10,23,16,117,6,46
                DB 198,6,10,23,0,232,186,255,139,218,139,71,22,61,0,0,116,224,88,91,89
                DB 90,95,94,195,232,166,255,139,218,139,71,22,61,0,0,117,242,232,195,255,235
                DB 238,195,86,87,82,81,83,80,46,128,62,10,23,0,117,6,46,198,6,10,23
                DB 16,46,254,14,10,23,232,122,255,139,218,139,71,22,61,0,0,116,224,88,91
                DB 89,90,95,94,195,195,120,2,47,46,45,44,43,42,41,40,39,38,37,36,35
                DB 34,33,32,31,32,31,30,29,28,27,26,25,24,23,22,21,20,19,18,17,17
                DB 16,16,15,15,14,14,13,13,13,12,12,12,12,11,11,11,11,10,10,10,10
                DB 10,9,9,9,9,9,9,9,9,9,8,8,8,8,8,8,8,8,8,8,8
                DB 8,7,7,7,7,7,7,7,6,6,6,6,6,6,6,6,6,6,6,5,5
                DB 5,5,5,5,5,5,5,5,4,4,4,4,4,4,4,4,4,4,3,3,3
                DB 3,3,3,3,3,3,3,2,2,2,2,2,2,2,2,2,1,1,1,1,1
                DB 1,1,1,1,1,1,64,64,64,64,64,64,64,64,64,64,63,63,63,63,63
                DB 63,63,63,63,63,63,63,62,62,62,62,62,62,62,62,62,62,61,61,61,61
                DB 61,61,61,61,61,60,60,60,60,60,60,60,60,60,60,59,59,59,59,59,59
                DB 59,59,59,59,58,58,58,58,58,58,58,58,58,58,57,57,57,57,57,57,57
                DB 57,57,57,56,56,56,56,56,56,56,56,55,55,55,55,55,54,54,54,54,53
                DB 53,53,53,52,52,52,51,51,50,50,49,49,48,48,47,46,45,44,43,42,41
                DB 40,39,38,37,36,35,34,33,0,241,150,0,0,0,0,0,0,0,0,0,14
                DB 31,80,51,192,163,93,0,160,92,0,162,6,23,88,232,3,0,233,124,0,232
                DB 49,254,163,8,23,128,249,0,117,3,233,109,0,128,249,1,117,6,232,114,1
                DB 233,98,0,128,249,2,117,12,139,218,139,71,22,137,6,71,37,233,81,0,128
                DB 249,8,117,14,139,218,139,71,22,137,6,86,34,232,220,2,235,62,128,249,7
                DB 117,11,139,218,139,71,22,137,6,29,31,235,46,128,249,4,117,18,139,218,139
                DB 71,22,137,6,62,31,139,71,24,137,6,68,31,235,23,128,249,5,117,18,139
                DB 218,139,71,22,137,6,76,34,139,71,24,137,6,80,34,235,0,195,6,180,53
                DB 176,8,205,33,137,30,188,24,140,6,190,24,7,161,188,24,163,92,37,161,190
                DB 24,163,94,37,232,52,4,228,33,162,196,24,250,176,255,230,33,251,30,46,139
                DB 22,8,23,30,31,180,37,176,8,205,33,31,46,176,52,230,67,46,160,6,23
                DB 230,64,46,176,0,230,64,46,176,144,230,67,228,97,12,3,230,97,250,160,196
                DB 24,230,33,251,198,6,71,0,0,195,14,31,128,62,71,0,1,117,3,232,51
                DB 0,232,30,1,46,128,62,11,41,1,116,232,142,6,99,0,232,239,0,114,223
                DB 187,109,0,139,14,85,0,139,7,131,195,2,11,192,116,7,142,192,232,216,0
                DB 114,200,226,238,195,97,94,1,111,165,30,6,80,83,81,82,87,86,85,250,176
                DB 255,230,33,251,228,97,36,252,230,97,46,176,52,230,67,46,184,0,0,230,64
                DB 136,224,230,64,46,176,182,230,67,46,184,51,5,230,66,136,224,230,66,140,200
                DB 142,216,142,192,30,139,22,188,24,142,30,190,24,180,37,176,8,205,33,31,250
                DB 160,196,24,230,33,251,251,46,198,6,71,0,1,232,190,252,128,249,8,117,3
                DB 232,169,1,93,94,95,90,89,91,88,7,31,195,139,218,46,139,71,22,137,194
                DB 5,12,0,46,137,6,11,31,46,137,6,252,30,46,137,6,174,37,195,184,0
                DB 61,205,33,114,248,46,163,103,0,195,46,139,30,103,0,180,62,205,33,195,80
                DB 83,180,63,46,139,30,103,0,205,33,114,8,41,200,117,4,248,91,88,195,5
                DB 4,0,61,0,0,116,244,249,91,88,195,7,85,47,180,72,205,33,115,6,46
                DB 198,6,70,0,4,195,180,73,205,33,115,6,46,198,6,70,0,4,195,6,83
                DB 142,192,180,74,205,33,115,6,46,198,6,70,0,4,91,7,195,180,2,205,26
                DB 138,197,232,23,0,138,232,138,193,232,16,0,138,200,136,240,232,9,0,136,198
                DB 50,210,180,45,205,33,195,81,138,200,131,225,15,36,240,208,232,208,232,208,232
                DB 208,232,179,10,246,227,1,200,89,195,184,64,0,142,192,191,8,0,185,3,0
                DB 179,49,38,139,21,131,250,0,116,12,232,26,0,115,9,254,195,131,199,2,226
                DB 236,249,195,137,22,42,2,136,30,39,2,198,6,10,23,10,248,195,176,0,238
                DB 66,236,36,128,116,23,74,176,255,238,66,236,36,128,117,13,74,176,0,238,66
                DB 236,36,128,116,3,248,74,195,249,195,90,216,159,78,131,194,6,176,1,238,185
                DB 10,0,226,254,176,0,238,131,194,6,232,11,0,115,2,249,195,176,209,238,232
                DB 1,0,195,185,10,0,81,185,255,0,236,208,192,115,7,226,249,89,226,242,249
                DB 195,89,248,195,184,64,0,142,192,187,8,0,185,3,0,191,202,0,131,199,33
                DB 178,0,38,139,7,61,0,0,116,9,137,69,22,137,133,96,1,254,194,131,195
                DB 2,131,199,33,226,231,128,250,2,114,20,38,161,8,0,137,69,22,137,69,55
                DB 38,161,10,0,137,69,24,137,69,57,14,7,195,139,218,139,87,22,137,22,178
                DB 0,131,194,2,176,4,238,195,139,22,178,0,131,250,0,116,246,131,194,2,176
                DB 12,238,195,187,0,2,3,30,90,43,129,235,188,0,139,211,128,194,12,176,211
                DB 185,0,2,136,196,236,10,192,121,5,226,249,233,56,0,136,224,238,185,255,255
                DB 226,254,128,234,12,128,194,6,176,1,238,236,236,236,236,42,192,238,185,16,0
                DB 81,131,194,8,185,0,2,236,10,192,120,6,226,249,89,233,11,0,128,234,4
                DB 236,89,60,170,116,13,226,227,131,195,16,129,251,96,2,126,169,249,195,139,211
                DB 83,232,249,254,88,137,6,199,1,198,6,10,23,7,80,45,0,2,209,232,209
                DB 232,209,232,209,232,4,48,136,6,195,1,88,248,195,110,187,32,2,139,211,128
                DB 194,12,176,211,185,0,2,136,196,236,10,192,121,5,226,249,233,56,0,136,224
                DB 238,185,255,255,226,254,128,234,12,128,194,6,176,1,238,236,236,236,236,42,192
                DB 238,185,16,0,81,131,194,8,185,0,2,236,10,192,120,6,226,249,89,233,11
                DB 0,128,234,4,236,89,60,170,116,13,226,227,131,195,32,129,251,64,2,126,169
                DB 249,195,139,211,83,232,119,254,90,82,232,33,0,88,114,241,137,6,166,1,80
                DB 45,0,2,209,232,209,232,209,232,209,232,4,48,136,6,162,1,180,2,232,74
                DB 0,88,248,195,249,195,176,38,232,77,0,136,196,80,184,38,255,232,92,0,176
                DB 38,232,63,0,60,255,117,38,184,38,17,232,77,0,176,38,232,48,0,60,17
                DB 117,23,184,38,181,232,62,0,176,38,232,33,0,60,181,117,8,88,176,38,232
                DB 47,0,248,195,88,176,38,232,39,0,249,195,176,14,232,8,0,10,224,176,14
                DB 232,25,0,195,82,131,194,4,238,66,5,0,0,131,195,0,131,193,0,131,194
                DB 0,5,0,0,236,90,195,82,131,194,4,238,66,5,0,0,131,195,0,131,193
                DB 0,131,194,0,5,0,0,136,224,238,90,195,190,203,37,139,62,8,23,139,29
                DB 131,199,2,131,251,0,116,54,131,251,2,116,17,139,13,43,203,131,199,2,138
                DB 7,136,4,67,70,226,248,235,224,128,62,98,4,1,116,12,139,29,139,77,2
                DB 43,203,131,199,8,235,227,139,93,4,139,77,6,43,203,131,199,8,235,214,190
                DB 203,37,137,54,8,23,195,188,128,76,237,2,0,98,34,93,35,251,35,68,37
                DB 2,0,93,35,164,35,164,35,251,35,83,34,98,34,74,37,142,37,0,0,2
                DB 0,98,34,93,35,251,35,68,37,2,0,74,32,149,32,149,32,240,32,73,34
                DB 83,34,74,37,142,37,0,0,2,0,71,31,74,32,240,32,63,34,2,0,74
                DB 32,149,32,149,32,240,32,56,31,71,31,74,37,142,37,0,0,0,0,0,0
                DB 2,0,71,31,74,32,240,32,63,34,2,0,74,32,149,32,149,32,240,32,23
                DB 31,56,31,74,37,142,37,0,0,2,0,98,34,93,35,251,35,68,37,2,0
                DB 93,35,164,35,164,35,251,35,66,34,73,34,74,37,142,37,0,0,249,30,8
                DB 31,2,0,98,34,93,35,251,35,68,37,2,0,93,35,164,35,164,35,251,35
                DB 8,31,23,31,74,37,142,37,0,0,2,0,71,31,74,32,240,32,63,34,2
                DB 0,74,32,149,32,149,32,240,32,168,37,202,37,74,37,142,37,0,0,2,0
                DB 98,34,93,35,251,35,68,37,2,0,93,35,164,35,164,35,251,35,68,37,74
                DB 37,74,37,142,37,0,0,0,0,18,220,221,82,80,186,0,0,236,208,192,114
                DB 251,176,16,238,88,90,136,196,186,0,0,236,208,192,114,248,136,224,44,128,238
                DB 44,128,128,236,128,186,0,0,238,131,194,2,176,1,238,176,0,238,136,224,131
                DB 234,2,238,131,194,2,176,2,238,176,0,238,44,128,128,236,128,186,0,0,238
                DB 136,224,186,0,0,238,30,6,80,83,82,140,200,142,216,51,210,161,219,2,11
                DB 192,116,55,142,192,139,30,221,2,57,30,223,2,115,14,139,30,229,2,161,231
                DB 2,11,192,116,32,163,223,2,50,228,160,225,2,0,6,234,2,160,226,2,17
                DB 195,137,30,221,2,38,138,7,246,46,227,2,209,224,2,212,161,239,2,11,192
                DB 116,55,142,192,139,30,241,2,57,30,243,2,115,14,139,30,249,2,161,251,2
                DB 11,192,116,32,163,243,2,50,228,160,245,2,0,6,254,2,160,246,2,17,195
                DB 137,30,241,2,38,138,7,246,46,247,2,209,224,2,244,161,3,3,11,192,116
                DB 55,142,192,139,30,5,3,57,30,7,3,115,14,139,30,13,3,161,15,3,11
                DB 192,116,32,163,7,3,50,228,160,9,3,0,6,18,3,160,10,3,17,195,137
                DB 30,5,3,38,138,7,246,46,11,3,209,224,2,244,161,23,3,11,192,116,55
                DB 142,192,139,30,25,3,57,30,27,3,115,14,139,30,33,3,161,35,3,11,192
                DB 116,32,163,27,3,50,228,160,29,3,0,6,38,3,160,30,3,17,195,137,30
                DB 25,3,38,138,7,246,46,31,3,209,224,2,212,161,43,3,11,192,116,66,142
                DB 192,139,30,45,3,57,30,47,3,115,23,199,6,43,3,0,0,128,62,53,3
                DB 1,117,41,6,142,192,180,73,205,33,7,235,31,50,228,160,49,3,0,6,58
                DB 3,160,50,3,17,195,137,30,45,3,38,138,7,208,248,208,250,208,254,2,208
                DB 2,240,137,208,161,43,3,11,192,116,82,142,192,139,30,45,3,57,30,47,3
                DB 115,23,199,6,43,3,0,0,128,62,53,3,1,117,57,6,142,192,180,73,205
                DB 33,7,235,47,50,228,160,49,3,0,6,58,3,160,50,3,17,195,137,30,45
                DB 3,160,58,3,208,208,209,211,115,7,140,192,5,0,16,142,192,38,138,7,208
                DB 248,208,250,208,254,2,208,2,240,137,208,30,6,80,83,82,140,200,142,216,51
                DB 210,161,219,2,11,192,116,74,142,192,139,30,221,2,57,30,223,2,115,14,139
                DB 30,229,2,161,231,2,11,192,116,51,163,223,2,50,228,160,234,2,2,6,225
                DB 2,162,234,2,160,226,2,17,195,137,30,221,2,160,234,2,208,208,209,211,115
                DB 7,140,192,5,0,16,142,192,38,138,7,246,46,227,2,209,224,2,212,161,239
                DB 2,11,192,116,74,142,192,139,30,241,2,57,30,243,2,115,14,139,30,249,2
                DB 161,251,2,11,192,116,51,163,243,2,50,228,160,254,2,2,6,245,2,162,254
                DB 2,160,246,2,17,195,137,30,241,2,160,254,2,208,208,209,211,115,7,140,192
                DB 5,0,16,142,192,38,138,7,246,46,247,2,209,224,2,244,161,3,3,11,192
                DB 116,74,142,192,139,30,5,3,57,30,7,3,115,14,139,30,13,3,161,15,3
                DB 11,192,116,51,163,7,3,50,228,160,18,3,2,6,9,3,162,18,3,160,10
                DB 3,17,195,137,30,5,3,160,18,3,208,208,209,211,115,7,140,192,5,0,16
                DB 142,192,38,138,7,246,46,11,3,209,224,2,244,161,23,3,11,192,116,74,142
                DB 192,139,30,25,3,57,30,27,3,115,14,139,30,33,3,161,35,3,11,192,116
                DB 51,163,27,3,50,228,160,38,3,2,6,29,3,162,38,3,160,30,3,17,195
                DB 137,30,25,3,160,38,3,208,208,209,211,115,7,140,192,5,0,16,142,192,38
                DB 138,7,246,46,31,3,209,224,2,212,169,206,60,187,185,23,215,230,66,251,44
                DB 128,186,0,0,238,186,0,0,238,44,128,186,0,0,238,131,194,2,176,12,238
                DB 176,4,238,30,6,80,83,82,140,200,142,216,50,210,161,219,2,11,192,116,53
                DB 142,192,139,30,221,2,57,30,223,2,115,14,139,30,229,2,161,231,2,11,192
                DB 116,30,163,223,2,50,228,160,225,2,0,6,234,2,160,226,2,17,195,137,30
                DB 221,2,38,138,7,246,46,227,2,2,212,161,239,2,11,192,116,53,142,192,139
                DB 30,241,2,57,30,243,2,115,14,139,30,249,2,161,251,2,11,192,116,30,163
                DB 243,2,50,228,160,245,2,0,6,254,2,160,246,2,17,195,137,30,241,2,38
                DB 138,7,246,46,247,2,2,212,161,3,3,11,192,116,53,142,192,139,30,5,3
                DB 57,30,7,3,115,14,139,30,13,3,161,15,3,11,192,116,30,163,7,3,50
                DB 228,160,9,3,0,6,18,3,160,10,3,17,195,137,30,5,3,38,138,7,246
                DB 46,11,3,2,212,161,23,3,11,192,116,53,142,192,139,30,25,3,57,30,27
                DB 3,115,14,139,30,33,3,161,35,3,11,192,116,30,163,27,3,50,228,160,29
                DB 3,0,6,38,3,160,30,3,17,195,137,30,25,3,38,138,7,246,46,31,3
                DB 2,212,161,43,3,11,192,116,62,142,192,139,30,45,3,57,30,47,3,115,23
                DB 199,6,43,3,0,0,128,62,53,3,1,117,37,6,142,192,180,73,205,33,7
                DB 235,27,50,228,160,49,3,0,6,58,3,160,50,3,17,195,137,30,45,3,38
                DB 138,7,208,248,208,250,2,208,136,208,161,43,3,11,192,116,78,142,192,139,30
                DB 45,3,57,30,47,3,115,23,199,6,43,3,0,0,128,62,53,3,1,117,53
                DB 6,142,192,180,73,205,33,7,235,43,50,228,160,49,3,0,6,58,3,160,50
                DB 3,17,195,137,30,45,3,160,58,3,208,208,209,211,115,7,140,192,5,0,16
                DB 142,192,38,138,7,208,248,208,250,2,208,136,208,30,6,80,83,82,140,200,142
                DB 216,50,210,161,219,2,11,192,116,72,142,192,139,30,221,2,57,30,223,2,115
                DB 14,139,30,229,2,161,231,2,11,192,116,49,163,223,2,50,228,160,234,2,2
                DB 6,225,2,162,234,2,160,226,2,17,195,137,30,221,2,160,234,2,208,208,209
                DB 211,115,7,140,192,5,0,16,142,192,38,138,7,246,46,227,2,2,212,161,239
                DB 2,11,192,116,72,142,192,139,30,241,2,57,30,243,2,115,14,139,30,249,2
                DB 161,251,2,11,192,116,49,163,243,2,50,228,160,254,2,2,6,245,2,162,254
                DB 2,160,246,2,17,195,137,30,241,2,160,254,2,208,208,209,211,115,7,140,192
                DB 5,0,16,142,192,38,138,7,246,46,247,2,2,212,161,3,3,11,192,116,72
                DB 142,192,139,30,5,3,57,30,7,3,115,14,139,30,13,3,161,15,3,11,192
                DB 116,49,163,7,3,50,228,160,18,3,2,6,9,3,162,18,3,160,10,3,17
                DB 195,137,30,5,3,160,18,3,208,208,209,211,115,7,140,192,5,0,16,142,192
                DB 38,138,7,246,46,11,3,2,212,161,23,3,11,192,116,72,142,192,139,30,25
                DB 3,57,30,27,3,115,14,139,30,33,3,161,35,3,11,192,116,49,163,27,3
                DB 50,228,160,38,3,2,6,29,3,162,38,3,160,30,3,17,195,137,30,25,3
                DB 160,38,3,208,208,209,211,115,7,140,192,5,0,16,142,192,38,138,7,246,46
                DB 31,3,2,212,136,208,44,128,186,0,0,238,255,14,244,7,117,17,161,242,7
                DB 163,244,7,90,91,88,7,31,234,0,0,0,0,207,176,32,230,32,255,14,101
                DB 0,116,6,90,91,88,7,31,207,161,95,0,163,101,0,255,6,93,0,81,87
                DB 86,85,186,4,8,255,210,93,94,95,89,90,91,88,7,31,207,0,186,0,0
                DB 186,0,0,186,0,0,186,0,0,186,0,0,186,0,0,186,0,0,186,0,0
                DB 238,44,128,128,236,128,186,0,0,138,216,236,208,192,114,251,176,16,238,236,208
                DB 192,114,251,138,195,238,236,208,192,114,251,136,224,238,208,0,0,0,0,0,0
                DB 0,0,0,0,0,0,0,0,0,0,0,0,0,0,0,0,0,0,0,0,0
                DB 0,0,0,0,0,0,0,0,0,0,0,0,0,0,0,0,0,0,0,0,0
                DB 0,0,0,0,0,0,0,0,0,0,0,0,0,0,0,0,0,0,0,0,0
                DB 0,0,0,0,0,0,0,0,0,0,0,0,0,0,0,0,0,0,0,0,0
                DB 0,0,0,0,0,0,0,0,0,0,0,0,0,0,0,0,0,0,0,0,0
                DB 0,0,0,0,0,0,0,0,0,0,0,0,0,0,0,0,0,0,0,0,0
                DB 0,0,0,0,0,0,0,0,0,0,0,0,0,0,0,0,0,0,0,0,0
                DB 0,0,0,0,0,0,0,0,0,0,0,0,0,0,0,0,0,0,0,0,0
                DB 0,0,0,0,0,0,0,0,0,0,0,0,0,0,0,0,0,0,0,0,0
                DB 0,0,0,0,0,0,0,0,0,0,0,0,0,0,0,0,0,0,0,0,0
                DB 0,0,0,0,0,0,0,0,0,0,0,0,0,0,0,0,0,0,0,0,0
                DB 0,0,0,0,0,0,0,0,0,0,0,0,0,0,0,0,0,0,0,0,0
                DB 0,0,0,0,0,0,0,0,0,0,0,0,0,0,0,0,0,0,0,0,0
                DB 0,0,0,0,0,0,0,0,0,0,0,0,0,0,0,0,0,0,0,0,0
                DB 0,0,0,0,0,0,0,0,0,0,0,0,0,0,0,0,0,0,0,0,0
                DB 0,0,0,0,0,0,0,0,0,0,0,0,0,0,0,0,0,0,0,0,0
                DB 0,0,0,0,0,0,0,0,0,0,0,0,0,0,0,0,0,0,0,0,0
                DB 0,0,0,0,0,0,0,0,0,0,0,0,0,0,0,0,0,0,0,0,0
                DB 0,0,0,0,0,0,0,0,0,0,0,0,0,0,0,0,0,0,0,0,0
                DB 0,0,0,0,0,0,0,0,0,0,0,0,0,0,0,0,0,0,0,0,0
                DB 0,0,0,0,0,0,0,0,0,0,0,0,0,0,0,0,0,0,0,0,0
                DB 0,0,0,0,0,0,0,0,0,0,0,0,0,0,0,0,0,0,0,0,0
                DB 0,0,0,0,0,0,0,0,0,0,0,0,0,0,0,0,0,0,0,0,0
                DB 0,0,0,0,0,0,0,0,0,0,0,0,0,0,0,0,0,0,0,0,0
                DB 0,0,0,0,0,0,0,0,0,0,0,0,0,0,0,0,0,0,0,0,0
                DB 0,0,0,0,0,0,0,0,0,0,0,0,0,0,0,0,0,0,0,0,0
                DB 0,0,0,0,0,0,0,0,0,0,0,0,0,0,0,0,0,0,0,0,0
                DB 0,0,0,0,0,0,0,0,0,0,0,0,0,0,0,0,0,0,0,0,0
                DB 0,0,0,0,0,0,0,0,0,0,0,0,0,0,0,0,0,0,0,0,0
                DB 0,0,0,0,0,0,0,0,0,0,0,0,0,0,0,0,0,0,0,0,0
                DB 0,0,0,0,0,0,0,0,0,0,0,0,0,0,0,0,0,0,0,0,0
                DB 0,0,0,0,0,0,0,0,0,0,0,0,0,0,0,0,0,0,0,0,0
                DB 0,0,0,0,0,0,0,0,0,0,0,0,0,0,0,0,0,0,0,0,0
                DB 0,13,10,13,10,32,32,32,32,32,32,32,32,32,32,32,32,32,32,32,32
                DB 99,80,32,13,10,80,117,98,108,105,99,32,68,111,109,97,105,110,13,10,32
                DB 32,32,32,32,32,32,32,32,32,32,32,32,32,32,32,32,32,32,13,10,13
                DB 10,0,0,0,0,0,0,0,0,0,0,0,0,0,0,0,0,116,101,115,116
                DB 46,109,111,100,0,0,0,0,0,0,0,0,0,0,0,0,0,0,0,0,0
                DB 0,0,0,0,0,0,0,0,0,0,0,0,0,0,0,0,0,0,0,0,0
                DB 0,0,0,0,0,0,0,0,0,0,0,46,198,6,13,41,1,85,139,236,80
                DB 83,81,82,86,87,6,30,14,14,31,7,232,27,0,31,7,95,94,90,89,91
                DB 88,93,46,128,62,13,41,1,117,9,46,198,6,13,41,0,202,4,0,203,186
                DB 33,0,185,16,0,187,202,0,232,169,220,183,0,196,126,6,38,137,29,195,46
                DB 198,6,13,41,1,85,139,236,80,83,81,82,86,87,6,30,14,14,31,7,138
                DB 94,6,138,126,8,138,70,10,138,102,12,232,27,0,31,7,95,94,90,89,91
                DB 88,93,46,128,62,13,41,1,117,9,46,198,6,13,41,0,202,8,0,203,80
                DB 83,179,255,232,108,214,4,91,88,136,30,188,17,136,62,232,17,162,20,18,136
                DB 38,64,18,195,113,156,64,33,228,46,198,6,13,41,1,85,139,236,80,83,81
                DB 82,86,87,6,30,14,14,31,7,198,6,11,41,0,197,126,6,232,250,3,138
                DB 70,12,46,198,6,114,11,144,60,1,117,6,46,198,6,114,11,195,139,70,16
                DB 139,94,14,14,31,14,7,128,62,14,41,1,117,7,198,6,70,0,2,235,40
                DB 83,138,216,232,3,214,2,91,232,254,213,1,138,94,10,232,247,213,3,186,214
                DB 40,232,42,217,114,13,232,167,238,114,6,46,198,6,14,41,1,235,16,176,1
                DB 46,138,30,70,0,128,251,0,116,2,138,195,235,2,176,0,197,126,18,180,0
                DB 137,5,31,7,95,94,90,89,91,88,93,46,128,62,13,41,1,117,9,46,198
                DB 6,13,41,0,202,16,0,203,25,17,46,198,6,13,41,1,85,139,236,80,83
                DB 81,82,86,87,6,30,14,14,31,7,232,154,0,31,7,95,94,90,89,91,88
                DB 93,46,128,62,13,41,1,117,7,46,198,6,13,41,0,203,203,46,198,6,13
                DB 41,1,85,139,236,80,83,81,82,86,87,6,30,14,14,31,7,232,90,0,31
                DB 7,95,94,90,89,91,88,93,46,128,62,13,41,1,117,7,46,198,6,13,41
                DB 0,203,203,46,198,6,13,41,1,85,139,236,80,83,81,82,86,87,6,30,14
                DB 14,31,7,46,160,11,41,80,46,198,6,11,41,1,232,45,0,88,46,162,11
                DB 41,31,7,95,94,90,89,91,88,93,46,128,62,13,41,1,117,7,46,198,6
                DB 13,41,0,203,203,232,42,218,232,190,237,114,6,46,198,6,14,41,1,195,128
                DB 62,14,41,1,117,13,198,6,71,0,1,198,6,14,41,0,232,147,238,195,46
                DB 198,6,13,41,1,85,139,236,80,83,81,82,86,87,6,30,14,14,31,7,232
                DB 119,213,186,237,42,66,31,7,95,94,90,89,91,88,93,46,128,62,13,41,1
                DB 117,7,46,198,6,13,41,0,203,203,204,0,46,198,6,13,41,1,85,139,236
                DB 80,83,81,82,86,87,6,30,14,14,31,7,232,57,0,196,126,10,180,0,38
                DB 137,5,196,126,6,38,137,29,196,126,14,138,193,38,137,5,196,126,18,138,197
                DB 38,137,5,31,7,95,94,90,89,91,88,93,46,128,62,13,41,1,117,9,46
                DB 198,6,13,41,0,202,16,0,203,160,177,0,139,30,175,0,138,14,173,0,138
                DB 46,71,0,195,219,1,134,245,141,46,198,6,13,41,1,85,139,236,80,83,81
                DB 82,86,87,6,30,14,14,31,7,138,70,6,139,94,8,232,27,0,31,7,95
                DB 94,90,89,91,88,93,46,128,62,13,41,1,117,9,46,198,6,13,41,0,202
                DB 4,0,203,162,177,0,129,227,240,3,137,30,175,0,195,46,198,6,13,41,1
                DB 85,139,236,80,83,81,82,86,87,6,30,14,14,31,7,232,78,218,138,204,50
                DB 237,50,228,138,215,50,246,50,255,196,126,6,38,137,5,196,126,10,38,137,13
                DB 196,126,14,38,137,29,196,126,18,38,137,21,31,7,95,94,90,89,91,88,93
                DB 46,128,62,13,41,1,117,9,46,198,6,13,41,0,202,16,0,203,98,139,7
                DB 253,46,198,6,13,41,1,85,139,236,80,83,81,82,86,87,6,30,14,14,31
                DB 7,139,78,6,138,70,8,232,45,218,31,7,95,94,90,89,91,88,93,46,128
                DB 62,13,41,1,117,9,46,198,6,13,41,0,202,4,0,203,46,198,6,13,41
                DB 1,85,139,236,80,83,81,82,86,87,6,30,14,14,31,7,139,78,6,138,70
                DB 8,138,86,10,232,78,218,31,7,95,94,90,89,91,88,93,46,128,62,13,41
                DB 1,117,9,46,198,6,13,41,0,202,6,0,203,46,198,6,13,41,1,85,139
                DB 236,80,83,81,82,86,87,6,30,14,14,31,7,139,78,6,139,94,8,139,70
                DB 10,232,37,218,31,7,95,94,90,89,91,88,93,46,128,62,13,41,1,117,9
                DB 46,198,6,13,41,0,202,6,0,203,46,198,6,13,41,1,85,139,236,80,83
                DB 81,82,86,87,6,30,14,14,31,7,138,70,14,232,32,218,38,139,71,22,197
                DB 126,6,137,5,197,126,10,190,0,0,46,128,62,13,41,1,117,1,71,185,22
                DB 0,38,138,0,60,0,116,6,136,5,71,70,226,243,176,0,46,128,62,13,41
                DB 1,117,5,197,126,10,137,240,136,5,31,7,95,94,90,89,91,88,93,46,128
                DB 62,13,41,1,117,9,46,198,6,13,41,0,202,10,0,203,144,78,34,97,46
                DB 198,6,13,41,1,85,139,236,80,83,81,82,86,87,6,30,14,14,31,7,197
                DB 126,6,232,46,0,139,78,10,14,31,14,7,186,214,40,232,176,217,196,126,12
                DB 38,137,5,31,7,95,94,90,89,91,88,93,46,128,62,13,41,1,117,9,46
                DB 198,6,13,41,0,202,10,0,203,190,214,40,46,128,62,13,41,1,117,27,138
                DB 13,181,0,190,214,40,131,249,0,116,10,71,138,5,46,136,4,71,70,226,247
                DB 46,198,4,0,195,138,5,46,136,4,70,71,60,0,117,245,195,156,91,129,227
                DB 255,15,83,157,156,91,129,227,0,240,129,251,0,240,176,0,116,2,176,1,195
                DB 48,48,48,48,13,10,36,80,83,81,82,87,232,13,0,186,26,46,180,9,205
                DB 33,95,90,89,91,88,195,191,29,46,185,4,0,81,80,37,15,0,60,9,119
                DB 5,4,48,233,2,0,4,55,136,5,79,88,209,232,209,232,209,232,209,232,226
                DB 227,14,31,89,184,5,0,40,200,195,46,198,6,13,41,1,85,139,236,80,83
                DB 81,82,86,87,6,30,14,14,31,7,138,70,8,46,198,6,114,11,144,60,1
                DB 117,6,46,198,6,114,11,195,139,70,12,139,94,10,14,31,14,7,83,138,216
                DB 232,110,209,2,91,232,105,209,1,138,94,6,232,98,209,3,31,7,95,94,90
                DB 89,91,88,93,46,128,62,13,41,1,117,9,46,198,6,13,41,0,202,8,0
                DB 203,46,198,6,13,41,1,85,139,236,80,83,81,82,86,87,6,30,14,14,31
                DB 7,197,126,6,232,241,254,14,31,14,7,186,214,40,232,91,212,114,2,235,16
                DB 176,1,46,138,30,70,0,128,251,0,116,2,138,195,235,2,176,0,197,126,10
                DB 180,0,137,5,31,7,95,94,90,89,91,88,93,46,128,62,13,41,1,117,9
                DB 46,198,6,13,41,0,202,8,0,203,46,198,6,13,41,1,85,139,236,80,83
                DB 81,82,86,87,6,30,14,14,31,7,232,141,233,114,6,46,198,6,14,41,1
                DB 31,7,95,94,90,89,91,88,93,46,128,62,13,41,1,117,7,46,198,6,13
                DB 41,0,203,203,46,198,6,13,41,1,85,139,236,80,83,81,82,86,87,6,30
                DB 14,14,31,7,198,6,11,41,1,139,70,6,163,99,0,190,109,0,185,31,0
                DB 191,8,0,139,3,137,4,131,198,2,131,199,2,226,244,232,157,213,31,7,95
                DB 94,90,89,91,88,93,46,128,62,13,41,1,117,9,46,198,6,13,41,0,202
                DB 64,0,203,69,77,77,88,88,88,88,48,0,0,0,0,0,14,31,186,172,47
                DB 184,0,61,205,33,163,183,47,114,53,139,30,183,47,184,0,68,205,33,114,42
                DB 247,194,128,0,116,36,184,7,68,139,30,183,47,205,33,60,255,117,23,139,30
                DB 183,47,180,62,205,33,180,65,205,103,128,252,0,117,6,137,30,181,47,248,195
                DB 249,195,0,0,0,0,0,0,0,0,6,30,83,81,82,86,87,185,0,240,156
                DB 91,184,255,15,33,216,80,157,156,88,33,200,57,200,198,6,3,48,1,116,77
                DB 11,217,83,157,156,88,33,200,198,6,3,48,0,198,6,4,48,1,116,57,137
                DB 38,15,49,131,228,252,102,156,102,88,102,139,200,102,53,0,0,4,0,102,80
                DB 102,157,102,156,102,88,102,49,200,139,38,15,49,198,6,4,48,0,198,6,5
                DB 48,1,116,10,198,6,5,48,0,198,6,6,48,1,219,227,199,6,1,48,90
                DB 90,221,62,1,48,161,1,48,10,192,117,75,217,62,1,48,161,1,48,37,63
                DB 16,61,63,0,117,75,128,62,6,48,1,117,3,233,65,0,128,62,5,48,1
                DB 117,45,180,9,205,33,155,217,232,155,217,238,155,222,249,155,217,192,155,217,224
                DB 155,222,217,155,221,62,1,48,161,1,48,158,116,0,180,9,205,33,102,81,102
                DB 157,235,15,235,13,180,9,205,33,128,62,3,48,1,116,0,235,0,176,1,128
                DB 62,3,48,0,117,29,176,2,128,62,4,48,0,117,20,176,3,128,62,5,48
                DB 0,117,11,176,4,128,62,6,48,0,117,2,176,0,95,94,90,89,91,31,7
                DB 195,0,0,0,0,0,0,0,0,0,0,0,0,0,0,0,0,0,0,0,0
                DB 0,0,0,0,0,0,0,0,0,0,0,0,0,0,0,0,0,0,0,0,0
                DB 0,0,0,0,0,0,0,0,0,0,0,0,0,0,0,0,0,0,0,0,0
                DB 0,0,0,0,0,0,0,0,0,0,0,0,0,0,0,0,0,0,0,0,0
                DB 0,0,0,0,0,0,0,0,0,0,0,0,0,0,0,0,0,0,0,0,0
                DB 0,0,0,0,0,0,0,0,0,0,0,0,0,0,0,0,0,0,0,0,0
                DB 0,0,0,0,0,0,0,0,0,0,0,0,0,0,0,0,0,0,0,0,0
                DB 0,0,0,0,0,0,0,0,0,0,0,0,0,0,0,0,0,0,0,0,0
                DB 0,0,0,0,0,0,0,0,0,0,0,0,0,0,0,0,0,0,0,0,0
                DB 0,0,0,0,0,0,0,0,0,0,0,0,0,0,0,0,0,0,0,0,0
                DB 0,0,0,0,0,0,0,0,0,0,0,0,0,0,0,0,0,0,0,0,0
                DB 0,0,0,0,0,0,0,0,0,0,0,0,0,0,0,0,0,0,0,0,0
                DB 0,0,0,0,0,0,0,0,0,0,0,0,0,0,0,0,0,0,0,0,0
                DB 0,0,0,0,0,0,0,0,0,0,0,0,0,0,0,0,0,0,0,0,0
                DB 0,0,0,0,0,0,0,0,0,0,0,0,0,0,0,0,0,0,0,0,0
                DB 0,0,0,0,0,0,0,0,0,0,0,0,0,0,0,0,0,0,0,0,0
                DB 0,0,0,0,0,0,0,0,0,0,0,0,0,0,0,0,0,0,0,0,0
                DB 0,0,0,0,0,0,0,0,0,0,0,0,0,0,0,0,0,0,0,0,0
                DB 0,0,0,0,0,0,0,0,0,0,0,0,0,0,0,0,0,0,0,0,0
                DB 0,0,0,0,0,0,0,0,0,0,0,0,0,0,0,0,0,0,0,0,0
                DB 0,0,0,0,0,0,0,0,0,0,0,0,0,0,0,0,0,0,0,0,0
                DB 0,26,26,26,26,26,26,26,26,26,26,26,26,26,26,26,26,26,26,26,26
PlayerSize      dw      $-Player
